[Coord]
x = 0.0 	10.0 	20.0 	30.0 	40.0 	 	100.0 	110.0 	120.0 	130.0 	140.0
y = 250.17	250.197755	250.2123535	250.13551	250.0288143	248.88	248.6	248.28	247.92	247.52
x_cut = 50.0 	60.0	70.0 	80.0 	90.0